AUD   1     19,954    20,746               
DKK   1     3,359     3,491               
EUR   1     25,050    26,032    
HRK   1     3,310     3,446               
JPY   100   19,997    20,790              
CAD   1     18,817    19,562    
HUF   100   8,241     8,583     
NOK   1     3,325     3,457     
PLN   1     6,024     6,269     
RON   1     5,697     5,926     
RUB   100   62,515    65,130    
SEK   1     2,995     3,115     
CHF   1     20,317    21,115 
TRY   1     10,622    11,046    
USD   1     19,234    19,993 
GBP   1     29,030    30,177 
